	mean	sd	min	max	mean	sd	min	max	mean	sd	min	max	mean	sd	min	max	mean	sd	min	max	mean	sd	min	max	
Australia	  486.8743	 89.229436	  191.1225	  804.1886	 497.69394	 102.05305	 59.521999	   835.414	 490.70883	 85.169487	  191.1225	  804.1886	 502.85966	 105.43862	 143.19659	 809.24762	 487.16594	 94.617405	   191.942	 785.89557	 498.79545	 102.23804	 59.521999	   835.414	
Austria	 497.46953	 87.573371	  182.8313	 758.57501	 485.78606	 95.553938	  174.9857	 757.61572	 502.00477	 86.433175	  201.1694	  737.6936	  487.1371	  95.68837	   194.356	   739.021	 490.87702	  88.17606	 217.38611	 753.51257	  484.0255	 96.936534	  209.6467	 757.61572	
Belgium	 505.35164	 91.338256	  198.9232	 793.25208	 493.45853	 96.513561	 133.64191	 765.45264	 510.77211	 89.415861	  250.6364	 759.10321	 495.45325	 98.716314	  177.6273	 750.96259	 494.01554	 92.320353	  246.2917	  780.6037	  481.7429	 96.176652	 146.04041	 765.45264	
Canada	 497.16104	 84.037815	 169.15869	  814.8772	 503.96105	 95.534599	 85.656197	 890.17389	 503.51828	 82.821653	  201.2988	 800.31152	 508.64481	 98.217357	 156.78391	 792.26343	 484.52203	 88.224836	 169.15869	  814.8772	 490.52696	  99.95809	 85.656197	 890.17389	
Chile	 435.28687	 80.522335	  136.0116	 700.85858	 470.12612	 87.312547	 87.235802	 741.07892	 434.62355	   80.8862	  136.0116	 700.85858	 469.37296	 90.179876	  185.0321	 726.44397	 428.55602	  76.04837	 200.66071	  670.2915	 465.12644	 87.609037	 87.235802	 741.07892	
Czech Republic	 505.48074	 90.425875	  217.7061	 788.09869	 501.75404	 96.275848	  140.8316	 794.48212	 515.71487	 89.721995	 218.10629	  762.3811	 506.85567	 97.247466	  175.2226	 761.38623	 499.37027	 92.824783	  234.0668	 788.09869	 500.25072	 94.684064	  171.2182	 794.48212	
Denmark	 491.93595	 79.141698	  230.5206	 738.60431	  484.5954	 88.584211	  182.2879	 745.93848	 497.26905	 77.829135	  236.0975	 738.60431	 488.07813	 91.180839	  188.6991	 745.93848	  478.7986	 79.913356	  230.5206	 729.24847	 477.21655	 88.607226	  182.2879	 742.44592	
Estonia	 518.64949	 76.855382	 196.19279	 781.42877	  518.9948	 85.281202	  216.3111	 809.95203	 523.47635	 74.624971	 196.19279	 781.42877	 523.27462	 89.660742	  220.4633	 809.95203	 512.71336	 80.302278	  258.0723	 760.56921	 513.84343	 84.270295	  216.3111	  774.4679	
Finland	   493.549	 83.738377	 201.86949	 756.95752	 502.17822	 99.450608	 72.858902	 791.42993	 507.50912	 75.702468	  223.8933	 733.20538	 520.32701	 96.133371	 150.22459	 791.42993	 475.32395	 88.440651	  241.7762	 756.95752	 477.53438	 101.82848	 140.50369	 758.63727	
France	 483.43406	 91.472287	 162.56281	  770.7547	 484.19795	 104.77127	   158.002	 793.42633	 487.01328	 91.864482	  170.6082	 733.42639	 483.79004	 102.58829	 163.91879	 793.42633	 468.24401	 90.891277	 223.42911	 729.62671	 467.01198	 103.34421	   158.002	 774.48987	
Germany	 496.29084	 88.825176	 224.77451	 765.73169	 498.70558	 98.763919	  176.5125	 816.44061	  502.2436	 90.130709	 224.77451	  744.7926	 500.23249	 102.81645	  198.3791	 816.44061	 477.74352	 90.202668	  238.3148	 753.28601	  483.0404	 98.933697	  176.5125	 785.72198	
Greece	 449.25156	 80.919239	  128.0993	 710.11572	 459.18265	 90.644735	  123.3947	 742.37451	 454.21655	 80.357105	 151.01399	 706.88312	 460.61954	 93.320741	  190.0787	 742.37451	 433.54079	 78.542437	  128.0993	 702.44501	 442.52392	 86.714398	  178.7189	 714.37079	
Hungary	  483.9266	 86.485344	  185.4409	 770.33612	 479.95706	 92.380451	   151.886	 756.95044	 488.10833	 84.182292	  185.4409	 754.69171	  482.9059	 93.848772	  199.2283	  728.0531	 479.72656	 88.520033	  223.7159	 746.95831	 479.98543	  93.41338	   151.886	 756.95044	
Iceland	 480.87011	 85.439413	  219.1454	  769.5769	 463.87908	 98.476409	  134.9287	 778.87018	 494.78255	 82.763194	  240.0081	 723.64008	 473.30856	 101.11196	 182.04781	  743.4845	 459.27331	  83.53693	  242.0873	 703.87341	 436.02972	 95.364294	  193.0444	 699.78662	
Ireland	 498.43316	 74.403081	 208.07381	 752.82709	  518.4711	 83.762282	 181.58969	 764.92712	 499.55267	 71.956673	  254.3118	 690.18433	 517.70716	 87.188343	 223.32449	 764.92712	 492.17959	  76.40072	  255.7509	 752.82709	 516.88935	 82.954797	 181.58969	 742.67352	
Israel	 464.72954	 99.477726	  164.6675	 800.64063	 475.94679	 113.72995	 115.70461	 806.69861	 465.02521	  100.0004	  170.5778	 746.20221	 472.32686	 120.50307	  142.5058	 806.69861	 457.12382	 101.56883	  164.6675	 800.64063	 473.09826	 113.50749	  127.7708	 771.61798	
Italy	  490.1374	 84.787185	 187.35339	 813.68713	 484.97988	 86.908182	   175.343	 754.41663	 495.06581	 84.415631	  191.8172	 746.76709	 481.09104	 91.066972	   175.343	 754.41663	 474.03372	 83.838744	 187.35339	 778.81659	 480.65205	 84.751108	 192.38741	 745.76013	
Japan	  531.3115	 84.243219	  176.5583	  812.3952	 511.67342	 90.299731	  136.5356	 760.95776	 526.59098	 80.430273	 248.82249	   768.021	 503.47929	 93.982468	  136.5356	 750.15448	 534.92948	 90.141483	  176.5583	  812.3952	 515.07793	 90.840771	 149.85449	 753.36621	
Korea	  527.5297	 96.151007	  177.7798	 840.66187	  516.8065	 93.990863	 37.961998	 784.97089	 527.54838	 93.167655	  181.7968	 825.18573	 515.74855	 97.912742	 146.68199	 784.97089	 531.09303	 101.81736	  193.5665	 840.66187	 517.97604	 93.191605	 37.961998	 776.52692	
Latvia	 486.87458	 72.832795	 224.44701	  751.8172	  479.5136	 82.361125	  174.2812	  765.5434	 493.66629	 71.656922	  260.5014	 721.39258	 476.17047	 85.727695	  174.2812	  765.5434	 482.58027	 75.664707	 224.44701	  751.8172	  474.2778	 82.646174	 197.53189	 734.46411	
Mexico	 408.73167	 67.651142	 137.75169	 686.02362	 424.43501	 76.249161	  151.3269	  679.0318	 415.58364	 68.870877	 137.75169	 686.02362	 427.64049	 78.677815	  185.8461	 678.91248	 395.40581	 64.779596	  197.1385	 639.33093	 415.23693	 78.422295	  151.3269	  679.0318	
Netherlands	 506.37596	   94.0719	   167.612	 806.53821	 481.08399	 104.35114	   156.933	 769.87341	  514.1024	 90.236102	   167.612	 782.63428	  479.8223	 102.88776	   169.782	 768.53821	 491.04093	 103.09642	  232.2883	  774.9516	 456.80425	 108.64281	   156.933	 733.11792	
New Zealand	 490.87733	 89.078891	  227.1498	 797.78302	 506.41675	 101.37521	 79.250099	 798.52698	 496.35605	 86.032383	  227.9613	 797.78302	 508.21657	 102.48248	 79.250099	 798.52698	 478.87437	 94.835005	  227.1498	   784.716	 500.62093	 102.45732	 183.02321	 786.98102	
Norway	 488.54699	 85.956668	  210.8244	 759.83612	 494.69102	 101.60173	 54.305901	 812.02631	 499.58495	 84.322703	 220.83459	 727.66162	 497.80676	 102.63731	  182.8875	 756.84503	 468.47831	 89.370255	 230.66609	 759.83612	 476.63287	 104.97408	 160.77589	 779.58722	
Poland	 505.12935	  82.95755	 151.13879	 779.50012	 504.40233	 91.912779	  128.8158	 803.45367	 516.41638	 81.544872	  237.5269	  766.4989	 512.63242	 93.165694	  167.8851	 803.45367	  494.4546	 84.249711	 239.62801	 779.50012	 495.10716	 95.922974	  128.8158	 792.46741	
Portugal	 482.61048	  88.51605	  162.4431	 755.42749	 485.55696	 88.420369	 183.47231	 745.94238	 492.70995	 89.619534	 198.99699	 742.68311	 490.59827	 92.958269	  188.2576	 745.94238	 475.57748	 84.290687	  218.2563	 729.40509	 480.06531	 84.836023	 183.47231	 736.11371	
Slovak Republic	 478.12265	 93.261226	 159.80811	 764.82611	  455.3938	 97.944099	  125.3989	 728.83459	 488.58501	 93.122358	 159.80811	 744.02051	 460.57372	 97.968467	  160.8705	 728.83459	 468.62039	  96.83539	  185.4404	 745.51459	 450.99055	 97.602358	  125.3989	 727.17462	
Slovenia	 487.39647	 83.094482	  209.6284	  778.2088	  473.4837	 90.474331	  146.4482	 790.29688	  496.8476	  81.19904	  234.0733	 761.20911	 480.09989	 90.714767	  186.7173	 790.29688	 471.70524	  83.43508	  209.6284	 738.72302	 455.30676	 89.832752	   159.787	 727.09088	
Spain	 487.20822	 79.635299	  169.9839	 774.87012	 483.51783	 86.774965	  121.8208	  759.5744	 491.16067	 79.095658	  169.9839	   732.961	 482.72937	 88.088657	 176.42841	  757.3515	 481.86548	 80.387191	  201.8867	 773.45819	 480.86845	 86.246922	  121.8208	  759.5744	
Sweden	 492.45622	 87.017029	   150.164	 776.01318	 497.39794	 101.40676	 150.74651	 821.89917	 502.39308	 84.351004	 239.76089	 763.95551	 505.52546	 103.70074	  157.0748	 774.58478	  482.4206	 91.630586	   150.164	 763.23132	 487.52261	 104.10481	 150.74651	 821.89917	
Switzerland	  513.5739	 89.358678	 193.34711	 793.54651	 484.78432	 96.200973	 70.284004	 781.58923	   516.089	 86.389738	 193.34711	 767.00043	 484.42475	  97.75896	 70.284004	 764.78711	 506.45947	 92.080993	 245.08969	 782.78778	 481.54308	 99.250189	  129.1317	 758.59802	
Turkey	 441.51817	 82.613158	  179.4343	 751.75757	 449.53853	 82.426554	  138.9482	 725.21613	 452.60971	 81.216127	  179.4343	 719.95129	 464.59089	 84.355838	  210.6734	 725.21613	  451.8851	 86.160079	 230.61681	 751.75757	 454.84742	 82.344561	  198.4886	 682.03632	
United Kingdom	 489.67569	 84.975976	  114.4724	  834.4928	 495.14975	 92.948378	  154.4057	 816.35291	 495.17664	 81.912299	  182.2034	 754.22717	 499.58804	 94.616706	 184.62199	 794.63129	 481.82223	 91.520836	  182.7739	  834.4928	 490.44853	 97.041895	  154.4057	 816.35291	
United States	  468.4201	 86.578352	 192.28889	  785.6532	 499.31219	 101.23559	   107.962	 810.48743	 473.31167	 86.473719	  197.2394	 750.39349	 500.56769	 104.97531	 157.29581	 810.48743	 462.80969	 91.128913	  224.8876	  785.6532	 501.33838	 106.28166	   107.962	 798.18359	
Total	 487.63055	 88.228583	  114.4724	 840.66187	 488.32232	 95.691703	 37.961998	 890.17389	 492.88045	 86.428321	  136.0116	 825.18573	 490.44879	 97.434376	 70.284004	 816.44061	 479.26561	 90.512055	  128.0993	 840.66187	 481.28245	 96.670316	 37.961998	 890.17389	
